node,HGPA_label,NMF_label
.NET_Development,3,6
.NET_Framework,5,8
.NET_Framework_4,16,6
2D_Animation,14,15
3D_graphics_software,9,8
ADO.NET,5,8
AFNetworking,0,2
AJAX,7,12
API_Design,7,6
API_Gateway,15,7
API_Management,6,6
AS2,11,4
ASP.NET,5,8
ASP.NET_Core,16,6
ASP.NET_Core_MVC,16,17
ASP.NET_MVC_5,3,6
ASP.NET_MVC_Framework,10,8
ASP.NET_Web_API,10,8
AUTO,10,9
AWS_Amplify,8,4
AWS_Batch,8,2
AWS_CloudFormation,2,16
AWS_CodePipeline,2,16
AWS_Lambda,8,2
AWS_SDK,15,7
AWS_Serverless,15,7
Ab_Initio,1,11
Abstractions,0,10
Acceptance_Testing,3,11
Account_Management,9,2
Accounting,12,5
Accounting_Methods,11,14
Accounting_Records,12,5
Accounting_Systems,12,5
Acting,1,11
Active_Directory,11,16
Active_Server_Pages_(ASP),3,0
Ad_Hoc_Analysis,1,11
Ada,7,0
Adapt_It,17,17
Adaptive_Design,15,10
Administration,3,16
Administrative_Support,10,17
Adobe_CQ,4,12
Adobe_Captivate,14,15
Adobe_Creative_Suite,14,15
Adobe_Illustrator,14,15
Adobe_Photoshop,14,15
Adobe_XD,0,10
Advanced_Business_Application_Programming_(ABAP),5,13
Advanced_Cardiovascular_Life_Support_(ACLS),4,12
Advanced_Message_Queuing_Protocol,11,4
Advertisement,14,15
Advertising,14,15
Advertising_Campaigns,14,15
Aerospike,12,5
Aesthetic_Design,0,10
Affiliate_Marketing,15,10
Agile_Methodology,16,4
Agile_Modeling,0,10
Agile_Product_Development,17,9
Agile_Project_Management,12,2
Agile_Projects,4,12
Agile_Software_Development,7,11
Agility,14,17
Agricultural_Research_and_Agronomy,14,17
"Agriculture,_Horticulture,_and_Landscaping",9,2
Airflow,15,13
Akamai,13,1
Alamofire,0,2
Algebra,9,8
Algorithm_Design,3,0
Algorithms,15,2
Alibaba_Cloud,13,9
AlienVault,13,1
Amazon_Connect,15,7
Amazon_Redshift,16,11
Amazon_S3,10,17
Amazon_Web_Services_(AWS),2,1
Analysis,7,0
Analytical_Thinking,8,16
Analytical_software,5,17
Analytics,13,16
Android,0,2
Android_Applications,0,2
Android_Development,12,5
Android_Jetpack,0,2
Android_NDK,6,2
Android_SDK,0,2
Android_Software_Development,0,2
Android_Studio,0,2
Android_UI,0,2
Angular_Material,16,6
Angular_Ui,1,10
Animations,0,2
Annual_Reports,9,2
Anomaly_Detection,13,1
Ansi_Sql,1,11
Ansible,11,1
Apache,7,1
Apache_ActiveMQ,4,0
Apache_Airflow,15,13
Apache_CXF,4,0
Apache_Camel,4,0
Apache_Cordova,15,2
Apache_Kafka,6,2
Apache_Karaf,4,0
Apache_Mesos,2,1
Apache_Spark,11,14
Apache_Tomcat,4,12
Apigee,8,1
Appcelerator,0,2
Appdynamics,10,9
Appium,2,9
Apple_IOS,9,2
Apple_Keynote,15,10
Apple_TV,17,17
Application_Data,10,8
Application_Deployment,17,9
Application_Design,4,12
Application_Development,7,12
Application_Environments,13,1
Application_Frameworks,15,7
Application_Layers,16,17
Application_Lifecycle_Management,12,8
Application_Programming_Interface_(API),3,6
Application_Security,2,16
Application_Security_Testing,3,9
Application_Servers,4,12
Application_Services,7,0
Application_Testing,2,9
Applied_Science,13,17
Appraisals,11,17
Arbitration,12,5
ArcSDE,13,12
Architectural_Design,16,6
Architectural_Models,5,17
Architectural_Patterns,6,8
Architecture_and_Construction,4,0
Archives,14,15
Arduino,3,11
Arithmetic,10,17
Art_and_Illustration,16,4
Articulate_Storyline,14,15
Articulation,17,5
Artifactory,8,4
Artificial_Intelligence_(AI),15,7
Artificial_Intelligence_Markup_Language_(AIML),16,17
Asana,9,2
Asset_Classes,11,4
Asset_Management,4,12
Asynchronous_Javascript,1,10
Asynchronous_Transfer_Mode_(ATM),16,11
Atlassian_JIRA,5,8
Audit_Info_System_(AIS),3,9
Audit_software,12,5
Auditing,2,16
Aurelia,11,8
Auth0,9,2
Authorize.net,9,8
Autodesk,9,8
Autodesk_Maya,9,8
Autofac,6,8
Automation,10,9
Automotive_Finance,13,4
Automotive_Industry,17,10
Autoscaling,13,1
Aviation,17,17
Axure_RP,6,10
Axway,5,13
Azure_Active_Directory,13,16
Azure_Application_Insights,6,6
Azure_Data_Factory,5,8
Azure_Data_Lake,6,6
Azure_DevOps,16,9
Azure_Kubernetes_Service,7,6
Azure_Sentinel,13,1
Azure_Service_Bus,6,6
BMC_Remedy_Action_Request_System,7,13
Backbone.js,6,10
Backlogs,13,4
Banking,4,4
Banking_Services,4,4
Banking_Software,17,5
Bare_Metal,6,10
Basecamp,9,2
Bash,2,16
Batch_Processing,3,11
Batch_Scripting,1,11
Batteries,9,10
Behat,0,10
Behavior-Driven_Development,15,2
Benchmarking,8,2
Benefits_Administration,14,15
BigQuery,5,13
Big_Data,1,11
Bigcommerce,10,10
Bill_Of_Materials,14,15
Billing_and_Invoicing,13,12
Biometrics,8,17
Bit.ly,12,2
Bitbucket,3,9
Bitrix,9,2
Blackbox,10,9
Blazor,5,6
Blended_Learning,14,15
Blender,9,8
Blobs,10,9
Block_Storage,10,8
Blockchain,13,4
Blog_Posts,7,1
Blogs,2,16
Bluetooth,15,2
Bookkeeping,12,5
Bootstrap,3,10
Bootstrapping,17,17
Branch.io,0,2
Branching_And_Merging,12,8
Branding,3,10
Bridge_Engineering,13,1
Broadcasting,14,17
Brokerage,11,16
Browser_Compatibility,1,10
Budget_Analysis,1,11
Bug_Reporting,14,9
Bugzilla,7,16
Build_Automation,17,5
Build_Management,8,9
Build_Pipeline,0,2
Build_Process,10,9
Build_Tools,11,14
Building_Automation,17,13
Building_automation_software,17,13
Bundler,7,13
Business,5,17
Business_Analysis,16,11
Business_Analytics,10,17
Business_Architecture,7,0
Business_Case,7,9
Business_Communication,0,2
Business_Concepts,7,6
Business_Consulting,7,8
Business_Continuity,2,16
Business_Continuity_And_Disaster_Recovery,2,16
Business_Development,6,8
Business_English,11,17
Business_Expansion,17,5
Business_Informatics,12,17
Business_Intelligence,1,11
Business_Intelligence_Tools,15,7
Business_Leadership,0,2
Business_Logic,4,12
Business_Management,13,12
Business_Metrics,11,17
Business_Operations,16,11
Business_Process,5,0
Business_Process_Automation,5,0
Business_Process_Discovery,5,13
Business_Process_Improvement,5,13
Business_Process_Management,6,8
Business_Process_Monitoring_(BPM),17,0
Business_Process_Outsourcing,13,17
Business_Reporting,12,8
Business_Requirements,7,11
Business_Requirements_Documentation,16,17
Business_Software,16,9
Business_Solutions,3,11
Business_Strategy,8,2
Business_Systems,4,12
Business_To_Business,13,4
Business_Transformation,12,17
Business_Writing,8,4
Business_software_applications,16,9
C,10,8
C#,10,8
C++,12,5
CNAME_Record,6,2
CPanel,0,10
CSS_Frameworks,3,10
CSS_Grid,0,10
C_#,6,8
C_and_C++,10,8
CakePHP,3,3
Calculations,16,11
Call_Center_Experience,15,7
Camera_API,10,2
Candidate_Relationship_Management_(CRM),5,8
Capacity_Development,14,17
Capacity_Management,17,13
Capacity_Planning,1,11
Capital_Markets,13,4
Career_Development,13,17
Cascading,1,10
Cascading_Style_Sheets_(CSS),1,10
Case_Management,11,4
Cash_Management,17,13
Caspio,17,17
Casualty_Insurance,16,17
CentOS,2,3
Certain,4,4
Change_Control,5,13
Change_Management,4,12
Change_Orders,4,12
Change_Requests,17,0
Character_Animation,12,2
Chart.js,1,10
Chassis,2,3
Chatbot,4,12
Chef,8,1
Chemical_and_Biomedical_Engineering,10,10
Chrome_OS,5,17
Circleci,9,10
Circuit_Design,12,5
Citrix,13,4
Claims_Processing,17,9
ClickDimensions,16,8
Client_Support,13,14
Client_System,10,17
Cloud-Native_Applications,9,10
Cloud_Administration,1,11
Cloud_Application_Development,15,7
Cloud_Applications,16,11
Cloud_Automation,11,14
Cloud_Computing,15,2
Cloud_Computing_Architecture,13,16
Cloud_Development,3,2
Cloud_Engineering,7,6
Cloud_Formation,16,7
Cloud_Foundry,11,4
Cloud_Hosting,4,4
Cloud_Infrastructure,11,1
Cloud_Management,11,17
Cloud_Migration,5,13
Cloud_Operations,2,16
Cloud_Services,2,16
Cloud_Solutions,15,7
Cloud_Storage,10,6
Cloud_Technologies,2,16
Cloudflare,8,14
CocoaPods,0,2
Cocoa_Touch,0,2
CodeIgniter,2,3
Code_Comments,17,0
Code_Coverage,17,9
Code_Inspection,8,9
Code_Migration,5,17
Code_Review,6,10
Code_Structure,8,6
Code_Testing,7,17
Code_libraries,16,0
Codebase,9,10
Codeception,17,10
Codecs,12,2
CoffeeScript,3,10
Collection_Tree_Protocol_(CTP),17,9
CommVault,11,16
Commenting,9,9
Commercial_Development,10,9
Commercial_Finance,1,11
Commercial_Software,9,2
Commissioning,14,15
Communication,5,17
Community_Development,14,17
Community_Management,8,17
"Company,_Product,_and_Service_Knowledge",6,17
Compatibility_Testing,10,9
Compensation_and_Benefits,12,5
Compliance_Requirements,5,17
Component_Design,10,6
Component_Object_Model_(COM),8,2
Component_libraries,11,4
Comprehensive_Layout,9,2
Computer_Architecture,11,16
Computer_Engineering,12,17
Computer_Hardware,4,12
Computer_Networks,10,9
Computer_Programming,6,17
Computer_Science,5,17
Computer_Security,13,1
Computer_Systems,16,14
Computer_Vision,16,11
Computer_operating_systems,14,17
Computing_Platforms,17,5
Conceptual_Design,4,12
Conceptualization,17,5
Concrete_and_Masonry,4,4
Configuration_Management,8,1
Configuration_management_software,6,10
Conflict_Resolution,11,14
Confluence,12,5
Conservation,16,3
Console_Applications,12,8
Consolidation,2,16
Construction,9,2
Consumer_Privacy,5,17
Containerization,8,1
Content_Creation,16,13
Content_Development_and_Management,14,15
Content_Engineering,16,13
Content_Filtering,2,16
Content_Management,17,2
Content_Management_Systems,9,2
Content_Marketing,14,15
Content_Strategy,16,13
Continuous_Delivery,8,4
Continuous_Improvement_Process,17,17
Continuous_Integration,8,1
Continuous_Monitoring,10,17
Continuous_Production,8,2
Control_Framework,5,13
Control_Systems,8,1
Conversational_AI,15,7
Cooking,10,10
Coordinate_Measuring_Machine_(CMM),7,12
Coordinate_Systems,13,12
Core_Banking,17,5
Core_Graphics,0,2
Core_Product,7,6
Core_Text,0,2
Corporate_Governance,16,12
Corrective_Maintenance,9,2
Cost_Containment,1,11
Cost_Estimation,1,11
Cost_Management,5,8
Cost_Reduction,10,9
CouchDB,4,4
Coupling,7,10
Course_Development,14,15
Crashlytics,0,2
Creative_Design,9,2
Credit_Products,13,4
Crisis_Management,2,16
Cron,11,14
Cross-Platform_Applications,9,9
Cross-Site_Scripting,2,16
Crowdsourcing,17,5
Cryptocurrency,13,4
Cryptography,2,16
Currency_Exchange,15,10
Custom_Software,7,1
Customer_Development,15,7
Customer_Engagement,15,7
Customer_Information_Control_System_(CICS),3,9
Customer_Relationship_Management,5,8
Customer_Relationship_Management_(CRM),6,8
Customer_Retention,17,5
Customer_Service,13,15
Customer_Service_Training,14,15
Customer_and_Client_Support,9,2
Cyber_Security,2,3
Cybercrime,16,3
Cybersecurity,3,9
D3.js,10,17
DB2_SQL,3,9
Dance,14,15
Dashboard,3,1
Data_Access,3,11
Data_Acquisition,16,13
Data_Administration,8,17
Data_Analysis,16,4
Data_Architecture,3,11
Data_Binding,8,2
Data_Centers,13,17
Data_Cleansing,1,11
Data_Collection,11,17
Data_Consistency,1,11
Data_Conversion,5,13
Data_Definition_Language,3,11
Data_Dictionary,1,11
Data_Encryption,15,2
Data_Engineering,3,9
Data_Entry,17,5
Data_Extraction,16,11
Data_Feed,13,14
Data_Governance,1,11
Data_Infrastructure,16,11
Data_Ingestion,3,11
Data_Integration,1,11
Data_Integrity,3,11
Data_Lakes,11,5
Data_Loss_Prevention,2,16
Data_Management,15,13
Data_Manipulation,3,9
Data_Manipulation_Language,3,11
Data_Mapping,13,1
Data_Mart,3,11
Data_Migration,17,11
Data_Mining,16,13
Data_Modeling,1,11
Data_Pipeline,1,11
Data_Processing,1,11
Data_Profiling,1,11
Data_Quality,1,11
Data_Retrieval,16,13
Data_Science,3,6
Data_Security,16,15
Data_Storage,9,2
Data_Store,10,8
Data_Streaming,13,14
Data_Structures,15,7
Data_Synchronization,6,6
Data_System,12,2
Data_Transformation,1,11
Data_Validation,3,11
Data_Visualization,15,7
Data_Warehouse_Systems,1,11
Data_Warehousing,1,11
Data_management_software,15,13
Data_warehousing_software,13,16
Database_Administration,3,3
Database_Analysis,16,0
Database_Architecture,6,8
Database_Design,12,5
Database_Development,7,11
Database_First,6,8
Database_Management,1,11
Database_Management_Systems,1,11
Database_Programming,6,2
Database_Queries,1,11
Database_Schema,1,11
Database_Security,16,17
Database_Servers,11,17
Database_Software,7,12
Database_Systems,14,17
Database_Triggers,1,11
Database_Tuning,7,12
Database_management_systems,1,11
Database_software,7,12
Databases,7,1
Databricks,6,6
Datadog,8,16
Dataset,11,4
Debuggers,12,5
Debugging,17,0
Debugging_software,5,0
Decoding,0,2
Defect_Tracking,14,9
Delivery_Pipeline,8,1
Deltek,14,17
Demand_Analysis,8,4
Demandware,15,7
Dental_Health,0,10
Dependency_Injection,8,6
Dependency_Management,16,6
Deployment_Support,1,11
Deployment_software,16,9
Derivatives,13,4
Design,11,17
Design_And_Technology,6,10
Design_Reviews,17,0
Design_Software,10,8
Design_Specifications,3,11
Design_Technology,17,13
Design_Theory,15,10
Design_Thinking,14,15
Design_Tool,14,15
Desktop_Environments,2,3
DevExpress,12,8
DevOps,8,1
DevSecOps,2,3
Development_Environment,14,15
Development_Management,9,10
Development_Programmes,15,7
Development_Support,12,5
Development_Testing,10,17
Device_Compatibility,9,9
Device_Drivers,2,3
Device_Management,2,3
Dfsort,3,9
Diagnostic_Tests,8,17
Diagnostic_Tools,4,12
Dialog_Programming,5,13
Diameter,4,0
Dig,15,13
Digital_Advertising,17,5
Digital_Assets,2,3
Digital_Communications,14,15
Digital_Integration,5,13
Digital_Marketing,14,15
Digital_Media,14,15
Digital_Publishing,14,15
Digital_Technology,6,2
Digital_Transformation,5,13
Digitization,11,17
Dimensional_Modeling,1,11
Direct_Digital_Controls_(DDC),17,10
Disabilities,4,12
Disaster_Recovery,2,16
Disaster_Recovery_Plan,11,14
Disk_Storage,11,16
Dissemination,4,12
Distributed_Computing,12,0
Distributed_Programming,5,17
Distribution_System_Operators_(DSO),3,11
Diversity_And_Inclusion,4,4
Diving,11,17
Django,11,4
Docker,8,1
Docker_Compose,6,10
Docker_Swarm,2,1
Document_Management,7,11
Document_Review,12,5
Domain_Driven_Design,10,6
Drawing,12,5
Drupal,9,2
Due_Diligence,14,17
Dynamic_Application_Security_Testing_(DAST),3,9
Dynamic_Content,16,13
Dynamic_Host_Configuration_Protocol_(DHCP),11,16
Dynamic_Object-Oriented_Requirements_System_(DOORS),5,17
Dynamic_Websites,10,17
Dynatrace,2,16
E-Business,3,11
E-Commerce,8,1
E-Procurement,16,6
EHealth,15,13
ERP_software,15,0
Easytrieve,3,9
Eclipse_IDE,12,0
Econometrics,4,4
"Economics,_Policy,_and_Social_Studies",7,12
Economy,17,5
Editing_software,3,11
Education_and_Training,13,4
Elasticsearch,11,4
Electrical_Wiring,14,15
Electrical_and_Computer_Engineering,11,17
Electricity,13,12
Electronic_Design,12,5
Electronics,12,5
Electronics_Engineering,12,5
Email_Marketing,15,10
Embedded_Databases,6,17
Embedded_Software,12,5
Embedded_Systems,11,14
Embedding,2,3
Emerging_Technologies,6,2
Employee_Benefits,12,5
Employee_Engagement,10,8
Employee_Onboarding,14,15
Employee_Stock_Option,5,17
Employee_Training,14,17
Employment_Compliance,4,12
Empowerment,8,9
Emulators,12,5
Encryption,0,2
End_Systems,15,10
Energy_Conservation,16,3
Energy_and_Utilities,16,4
"Engineering,_Scientific,_and_Technical_Instruments",5,17
Engineering_Management,17,10
Engineering_Practices,13,17
Engineering_Software,17,6
Engineering_Specifications,3,16
Engineering_Support,10,8
EnterpriseDB,13,4
Enterprise_Architecture,3,11
Enterprise_Content_Management,10,8
Enterprise_Integration,5,13
Enterprise_Performance_Management_(EPM),16,0
Enterprise_Security,17,8
Entity_Framework,3,6
Entrepreneurship,16,4
Environmental_Quality,16,3
Equipment_Maintenance,7,0
Equity_and_Debt,8,10
Escalation_Procedures,15,13
Eslint,3,16
Esri_ArcGIS,13,12
Essential_Oils,9,2
Event-Driven_Programming,15,13
Event_Management,2,16
Event_Viewer,2,16
Events_and_Conferences,11,16
Exception_Handling,1,11
Executable,4,12
Executive_Leadership,16,6
Experience_Design,15,7
Experimentation,7,17
Exploitation,2,16
Exploratory_Testing,11,1
Express.js,11,17
Extract_Transform_Load_(ETL),1,11
Extreme_Programming,6,2
FFmpeg,14,15
Fabrication,13,12
Facebook,0,2
Facility_Management_and_Maintenance,1,11
Failover,13,14
FastAPI,0,10
FastExport,3,11
Fastlane,3,2
Fault_Tolerance,11,14
Feasibility_Studies,6,8
Fieldbus,17,5
File_Systems,13,17
File_Transfer,1,11
File_Transfer_Protocol_(FTP),17,9
Filmmaking,12,2
Films,12,2
Final_Cut_Pro,14,15
Finance,11,4
Financial_Data,16,13
Financial_Institution,11,4
Financial_Market,13,4
Financial_Planning,8,4
Financial_Reporting,11,4
Financial_Services,5,13
Financial_Software,12,17
Financial_Statements,12,5
Financial_Systems,13,4
Financial_Trading,13,4
"Fire_Prevention,_Safety,_and_Control",3,9
Firebase,0,2
Firebase_Cloud_Messaging_(FCM),0,2
Firebug,9,2
Firefox,9,2
Firewall,13,16
Firmware,12,5
Firmware_Development,12,5
FitNesse,10,9
Fixed_Income,13,14
Flash,15,7
FlexBox,0,10
Flexbox,0,10
Flowcharts,16,0
Food_and_Beverage,9,2
Force.Com,15,7
Forth,4,12
Fortinet,4,12
Foundry,11,4
FoxPro,17,17
Framer,15,10
FreeBSD,2,1
FreeRTOS,12,5
FreeSWITCH,16,11
Freshdesk,5,13
Front-End_Engineering,15,7
Front_End_Design,10,10
Front_Office,10,10
Full_Stack_Development,8,4
Functional_Design,7,13
Functional_Programming,11,4
Functional_Requirement,1,10
Functional_Specification,2,3
Functional_Testing,10,9
GIS_Applications,13,12
GSM_Protocols,14,17
Game_Engine,9,8
Gamification,15,7
Gap_Analysis,5,13
General_Administrative_Support,10,17
General_Networking,2,1
Genesys,15,7
Genetics,14,9
Geocoding,13,12
Geographic_Information_Systems,14,17
Geographic_information_system,13,12
Geolocation,0,2
Geometry,9,8
Gerrit,7,0
Git,10,2
GitHub,3,3
Git_Flow,9,10
Github,3,3
Gitlab,8,2
Global_Delivery_Model,9,2
Google,11,1
Google_Analytics,9,10
Google_Cloud,7,1
Google_Cloud_Platform,3,16
Google_Cloud_Platform_(GCP),7,1
Google_Compute_Engine_(GCE),6,6
Google_Docs,15,2
Google_Drive,9,2
Google_Kubernetes_Engine_(GKE),8,1
Google_Maps,0,2
Google_Meet,9,2
Google_Optimize,9,10
Google_Play,0,2
Google_Tag_Manager,9,10
Google_spreadsheet,5,17
Gradle,8,4
Grafana,11,1
GraphQL,6,10
Graphic_and_Visual_Design,14,15
Graphic_and_Visual_Design_Software,14,15
Graphics_APIs,15,2
Graphics_Software,9,8
Graphics_software,9,8
Graylog,2,1
Gremlin,6,6
Groundwater_Modeling_System_(GMS),15,7
HAProxy,11,14
HARVEST,9,2
HTML5,7,12
Hadoop_Distributed_File_System_(HDFS),1,11
Hand_Coding,2,1
Hardening,4,4
Headsets,0,2
Healing,16,11
Health_Care,15,10
Health_Care_Industry,5,8
Health_Information_Systems_(HIS),17,9
Healthcare_Services,10,8
Hedging,11,8
Heroku,0,10
High-Level_Architecture,7,13
High_Performance_Computing,14,17
Highcharts,1,10
Hospitality_Industry,11,4
Hotel_Industry,15,2
Hotels_and_Accommodations,11,4
Human-Computer_Interaction,15,7
Human_Capital,5,13
Human_Capital_Management_(HCM),5,13
Human_Intelligence,17,5
Human_Interface_Guidelines,0,2
Human_Resources,4,12
Human_Resources_Information_System_(HRIS),17,13
Hybrid_Mobile_App,10,3
Hybris,0,10
Hyper-V,11,16
HyperText_Markup_Language_(HTML),1,10
IBM_Cloud,8,4
IBM_DB2,6,10
IBM_Domino,10,17
IBM_InfoSphere_DataStage,7,11
IBM_Maximo,7,12
IBM_Software,7,13
IBM_WebSphere,4,12
ICloud,15,2
IDoc,5,13
IMPACT_software,7,1
IMac,8,17
IOS_Applications,0,2
IOS_Development,12,5
IOS_SDK,0,2
IPTV,14,17
IP_Addressing,7,12
IP_Routing,11,16
IPv6,13,16
IT_Infrastructure,2,16
IT_Management,11,16
IT_Service_Management,7,12
Icinga,8,1
IdentityIQ,8,16
Identity_And_Access_Management,2,16
Identity_Management,12,17
Illustration,14,15
ImageMagick,14,15
Image_Editing,14,15
Image_Optimization,0,10
Image_Processing,12,5
Image_processors,6,10
Imaging,12,5
Immutable.js,6,10
Impact_Assessment,8,9
In-Plane_Switching_(IPS),2,16
Incident_Management,7,12
Incident_Response,2,16
Incident_Response_Management,2,16
Independent_Thinking,13,4
IndexedDB,15,13
Indexing,3,11
Industrial_Automation,17,5
Industrial_Engineering,5,17
InfluxDB,8,1
Infomax,16,6
Informatica,1,11
Informatica_PowerCenter,1,11
Informatica_Powercenter,1,11
Informatics,12,2
Informatics_Engineering,6,2
Information_And_Communications_Technology,0,10
Information_Architecture,9,2
Information_Assurance,2,16
Information_Design,4,4
Information_Extraction,13,17
Information_Governance,2,1
Information_Management,14,17
Information_Retrieval,12,17
Information_Servers,6,8
Information_Systems,2,16
Information_Technology,5,17
Infrastructure_Architecture,17,5
Infrastructure_As_A_Service_(IaaS),0,10
Infrastructure_Automation,8,1
Infrastructure_Management,8,1
Infusionsoft,9,8
Initiative_and_Leadership,8,4
Inquiry,16,15
Instagram,0,2
Installation,4,12
Instant_Messaging,10,9
Instructional_and_Curriculum_Design,14,15
Instrumentation,17,6
Insurance_Policies,17,0
Integrated_Master_Plan_(IMP),5,13
Integration_Platform_As_A_Service_(IPaaS),7,6
Integration_Platforms,5,13
Integration_Testing,17,11
Intellectual_Property,5,13
Interaction_Design,10,10
Interactive_Design,14,15
Interactive_Programming,0,2
Interactive_System_Productivity_Facility_(ISPF),3,9
Interface_Builder,0,2
Interface_Design,17,8
Internal_Documentation,16,0
International_Business,11,17
International_Standards,9,2
Internet_Control_Message_Protocol_(ICMP),7,10
Internet_Information_Services,16,16
Internet_Marketing,14,15
Internet_Of_Things_(IoT),10,9
Internet_Services,7,17
Interoperability,5,8
Intranet,6,8
Inventory_Management,17,12
Inventory_and_Warehousing,16,11
Inversion_Of_Control,10,8
Investment_Banking,3,16
Investments,8,2
Ionic_Framework,0,2
IpTables,2,1
Iptables,2,1
Isomorphic_React,6,10
Issue_Tracking,9,8
Istio,8,1
J,3,2
JAX-WS,5,17
JET,17,5
JIRA,9,8
JMockit,1,10
JPA2,12,2
JQuery_Mobile,0,10
JQuery_UI,6,8
JRuby,8,1
JSDoc,7,10
JSHint,0,10
JSON,8,2
JScript,15,2
JUnit,8,1
JasperReports,4,4
Java,8,2
Java.util.concurrent,10,10
JavaScript,6,10
JavaScript_Frameworks,6,10
JavaScript_Libraries,0,10
JavaScript_and_jQuery,6,10
Java_11,4,4
Java_7,8,9
Java_8,4,4
Java_API_For_XML_Web_Services,5,17
Java_Application_Server,7,1
Java_EE_Application,12,2
Java_Enterprise_Edition,5,17
Java_Message_Service_(JMS),4,12
Java_Virtual_Machine_(JVM),16,17
Jbehave,2,9
Jenkins,3,9
Jenkins_CI,9,2
Jenkinsfile,11,16
Jetty,4,4
Job_Control_Language_(JCL),3,9
Joint_Ventures,17,5
Joomla,0,2
Journals,5,8
Junit,8,1
KNIME,2,16
Kentico,3,10
Key_Management,10,10
Kibana,13,15
Kiosks,17,12
Klipfolio,13,9
Know_Your_Customer,11,4
Knowledge_Base,4,12
Knowledge_Management,4,12
Kofax,5,17
Kotlin,0,2
Kubernetes,8,1
LAMP_Stack,0,10
LabVIEW,12,5
Language,12,5
Laravel,3,3
Laser,9,9
Latin,15,7
"Law,_Regulation,_and_Compliance",17,5
Lazy_Loading,6,10
Lead_Generation,14,15
Lean_Methodologies,0,2
Learning_Development,16,17
LevelDB,10,8
Library_Science,4,12
Library_and_Archiving,0,2
Licensing,5,12
Lifecycle_Management,17,8
Liferay,10,17
Lightning_Web_Components,16,1
Linear_Algebra,9,8
Linode,0,10
Linux,2,1
Linux_Administration,11,1
Linux_Commands,16,10
Linux_Console,11,17
Linux_Scripting,3,16
Linux_Servers,13,16
Linux_System_Administration,13,16
Liquibase,11,14
Live_Broadcast,8,4
Load_Balancing,13,1
Load_Testing,11,16
Load_Time,13,17
Loans,13,4
Local_Area_Networks,4,12
Local_Storage,15,13
Localization,12,7
Log_Files,3,11
Log_Shipping,1,11
Logical_Data_Models,1,11
Logical_Security,13,1
Logstash,8,1
Look_And_Feel,4,12
Loopback,6,10
Loss_Prevention,2,16
Low_Latency,13,4
Lua,16,3
MAGIC,15,7
MAMP,7,1
MAPICS,17,12
MATLAB,12,5
ML.NET,12,7
MOLAP,1,11
MSBuild,8,1
MSTest,10,9
Mac_OS,8,1
Mac_OS_X,8,1
Machine_Learning_(ML),15,7
Machine_Learning_Algorithms,11,4
Magento,8,10
Magik,13,12
Mailgun,10,10
Maintainability,15,13
Maintaining_Code,5,0
"Maintenance,_Repair,_and_Facility_Services",7,12
Managed_Services,7,13
Management_Accounting,12,5
Management_Consulting,5,13
Management_Control,7,17
Management_Information_Systems,3,1
Management_Systems,1,11
Managing_Client_Expectations,16,17
Manifests,11,16
Manual_Testing,10,9
Manufacturing_Execution_System_(MES),12,17
Manufacturing_Processes,12,5
Manufacturing_and_Production,12,5
MapReduce,1,11
Mapbox,1,10
MariaDB,2,3
MarkLogic,4,4
Market_Data,11,16
Market_Dynamics,14,17
Market_Share,17,13
Marketing,14,15
Marketing_Analytics,3,16
Marketing_Automation,14,15
Marketing_Collateral,0,10
Marketing_Intelligence,17,5
Marketing_Materials,14,15
Marketing_Strategy,14,15
Marklogic,4,4
Markup_Languages,0,10
Mass_Production,12,5
Massage,9,9
Master_Data_Management,15,13
Masterpiece,11,17
Material-UI,12,17
Material_Design,9,2
Mean_Stack,9,10
Mechanical_Engineering,10,10
Mechatronics,17,5
Media_Management,4,12
Media_and_Writing,9,2
Median,4,12
Medical_Devices,0,2
Medical_Support,10,17
Memcached,2,16
Memory_Leaks,17,2
Memory_Management,15,2
Mental_Health,16,4
Mercurial,11,14
Message_Broker,6,10
Message_Queuing_Telemetry_Transport_(MQTT),12,5
Metadata,1,11
Metadata_Management,1,11
MeteorJS,6,17
Meter_Data_Management,7,13
MicroStrategy,16,11
Micro_Focus,16,9
Microservices,4,4
Microservices_Development,13,4
Microsoft_.NET_Framework,10,8
Microsoft_365,16,1
Microsoft_ASP.NET,7,11
Microsoft_Active_Directory,11,16
Microsoft_Azure,16,6
Microsoft_Business_Intelligence,1,11
Microsoft_Development_Tools,6,17
Microsoft_Dynamics,16,8
Microsoft_Dynamics_365,5,8
Microsoft_Dynamics_CRM,5,8
Microsoft_Dynamics_NAV,15,7
Microsoft_Excel,16,15
Microsoft_Exchange,11,16
Microsoft_Office,4,12
Microsoft_Office_365,5,17
Microsoft_Operating_Systems,15,1
Microsoft_Power_Platform,16,1
Microsoft_SQL_Server,6,0
Microsoft_SharePoint,16,15
Microsoft_Team_Foundation_Server,6,8
Microsoft_Teams,10,8
Microsoft_Visual_Basic,8,17
Microsoft_Visual_Studio,5,0
Microsoft_Windows,11,16
Microsoft_Windows_7,13,12
Microsoft_Windows_Server,11,16
Middle_Office,13,4
Middleware,13,4
Mitigation,2,1
Mobile_App,0,2
Mobile_Application_Development,6,2
Mobile_Application_Testing,2,9
Mobile_Architecture,0,2
Mobile_Banking,8,2
Mobile_Data,10,9
Mobile_Development,0,2
Mobile_Marketing,14,15
Mobile_Phones,15,2
Mobile_Security,0,2
Mobile_Strategy,9,2
Mock_Ups,14,15
Mockito,8,2
Mockup,6,2
Modbus,17,5
Model_Building,6,6
Model_View_Controller,15,0
Modelling_Skills,16,9
Modularity,0,2
Modulation,12,5
"Molecular,_Cellular,_and_Microbiology",0,2
MongoDB,12,5
Mono,9,9
MooTools,4,12
Moodle,0,10
Motion_Graphics,14,15
MuleSoft,5,13
MuleSoft_Anypoint,3,11
Multi-Cloud,8,1
Multi-Factor_Authentication,4,4
Multimedia,0,10
Multithreading,12,5
Music,14,15
Mvc.net,15,2
MyBatis,4,12
MySQL,12,5
NHibernate,13,17
Nagios,2,16
Naming_Conventions,0,10
NativeScript,10,9
Native_API,0,2
Natural_Language_Processing,16,7
Navitaire,6,6
Neo4j,4,4
NetBeans,4,4
NetFlow,13,16
NetSuite_ERP,5,13
Netsuite,5,13
Network_Administration,11,16
Network_Appliances,4,12
Network_Infrastructure,13,16
Network_Management,13,16
Network_Monitoring,4,12
Network_Programming,10,8
Network_Protocols,11,16
Network_Security,3,16
Network_Switches,4,12
NewSQL,5,0
New_Product_Development,10,9
Next.js,9,2
Nginx,7,3
Nightwatch.js,3,9
NoSQL,12,5
Node.js,11,4
Non-Functional_Testing,10,9
Notification_Services,15,7
Ns_(Simulator),12,0
NuGet,6,10
NumPy,11,4
Nunit,3,9
Nuxt.Js,0,10
OAuth,6,10
Object-Oriented_Analysis_And_Design,12,2
Object-Oriented_Design,3,2
Object-Oriented_JavaScript,15,10
Object-Oriented_Programming_(OOP),12,6
Object-Relational_Mapping,11,4
Object-oriented_programming_languages,6,10
Object_Model,16,0
Object_Oriented_CSS,9,2
Object_Oriented_Programming_Language,12,5
Object_Storage,7,4
Objective_C,0,2
Obsolescence,3,2
Octopus_Deploy,2,1
Office_and_Productivity_Software,17,17
Offshoring,0,2
Oil_and_Gas,9,2
Okhttp,0,2
Okta,9,2
On-The-Job_Training,14,15
Online_Marketing,15,10
Online_Store,9,2
Open-Source_Software,11,1
OpenAPI,0,10
OpenCart,8,17
OpenERP,14,17
OpenGL,12,2
OpenID,0,10
OpenLayers,9,2
OpenMP,17,5
OpenSSO,7,11
OpenShift,8,4
OpenStack,2,1
OpenTSDB,7,13
Open_Plan,14,17
Open_Shortest_Path_First_(OSPF),13,16
Open_Source_Technology,2,9
Open_Standards,13,0
Open_Web_Application_Security_Project_(OWASP),2,16
Operability,8,9
Operating_Systems,8,16
Operational_Efficiency,11,4
Operational_Excellence,6,10
Operational_Maintenance,6,17
Operational_Planning,2,16
Operationalization,4,12
Operations_Management,4,12
Operations_Research,16,3
Oracle,7,12
Oracle_Applications,7,11
Oracle_Cloud,3,1
Oracle_Data_Integrator,1,11
Oracle_Databases,8,9
Oracle_Development,1,11
Oracle_E-Business_Suite,3,11
Oracle_Forms,7,0
Oracle_NetSuite,5,17
Oracle_PL/SQL,1,11
Oracle_PeopleSoft,5,13
Oracle_Reports,7,11
Oracle_SOA_Suite,5,17
Oracle_Service_Bus,8,17
Oracle_Spatial,13,12
Oracle_WebLogic,7,12
Order_Management,7,12
Order_Processing,1,11
Organic_Food,9,2
Organizational_Change,14,15
Organizational_Effectiveness,0,10
Organizational_Structure,0,2
OsCommerce,0,2
Oscilloscope,12,8
Other_Programming_Languages,7,10
OutSystems,5,0
Outsourcing,4,12
PHP,3,3
PHPUnit,2,1
PHP_7,15,2
PHP_Development,3,3
PHP_Frameworks,7,3
PL/SQL,3,11
Pair_Programming,12,2
Parameter,14,17
Parasoft_SOAtest,4,4
Parsing,15,2
Patch_Management,5,13
Patents,14,17
Patient_Safety,15,13
PayPal,8,10
Payment_Gateway,17,10
Payment_Method,9,10
Payment_Processing_and_Collection,4,4
Payment_Systems,11,4
Payments_Industry,5,17
Payroll,17,13
Peer-To-Peer,9,2
Peer_Review,15,13
Pega_PRPC,11,4
Penetration_Testing,11,16
PeopleCode,5,13
People_Management,10,6
Perforce,1,10
Performance_Analysis,0,2
Performance_Appraisal,13,17
Performance_Improvement,5,8
Performance_Management,4,4
Performance_Measurement,3,11
Performance_Metric,15,1
Performance_Profiling,6,17
Performance_Review,17,5
Performance_Testing,11,16
Performance_Tuning,3,11
Peripheral_Component_Interconnect_(PCI),2,16
Peripheral_Devices,4,12
Perl,7,16
Personal_Attributes,9,9
Personality_Development,10,8
Petty_Cash,12,5
Pharmaceuticals,0,2
PhilNITS,17,17
Phishing,3,3
PhoneGap,0,2
Photography,14,15
Physical_Design,1,10
Physics,10,6
Piwik,3,9
Pixel_Perfect,9,2
Platform_Tools,17,5
Plivo,16,6
Plotly,11,17
Podio,9,10
Point_Of_Sale,17,12
"Policy_Analysis,_Research,_and_Development",11,17
Policy_Enforcement,2,16
Polling,7,13
Polymorphism,10,8
Post-Production,4,12
PostGIS,9,9
PostgreSQL,16,4
PowerBuilder,7,12
Power_BI,1,11
Powerapps,17,0
Practice_Management,10,8
Pre-Production,5,0
Predictive_Analytics,4,4
Preprocessor,1,10
Presales,14,17
Presentation_Layer,13,4
Presentation_Preparation,3,9
PrestaShop,7,1
Preventive_Maintenance,5,13
Primefaces,16,11
Prism,12,5
Private_Cloud,4,4
Private_Messaging,5,17
Proactive_Maintenance,13,17
Probation,13,4
Problem_Management,4,12
Problem_Solving,8,16
Process_Analysis,17,17
Process_Architecture,15,13
Process_Design,6,8
Process_Flow_Diagrams,10,17
Process_Improvement_and_Optimization,5,13
Process_Management,17,8
Process_Optimization,6,2
Procurement,7,12
Product_Control,13,4
Product_Data_Management,15,13
Product_Design,12,5
Product_Development,16,14
Product_Engineering,11,1
Product_Knowledge,1,11
Product_Lifecycle,17,5
Product_Lifecycle_Management,17,5
Product_Management,2,3
Product_Requirements,2,3
Product_Roadmaps,12,17
Product_Strategy,16,11
Product_Support,13,14
Product_Testing,14,17
Production_Code,13,14
Production_and_Assembly,13,4
Program_Development,3,0
Program_Flow,11,16
Program_Standards,8,4
Programming_Concepts,0,2
Programming_Tools,6,17
Programming_languages,16,12
Progressive_Web_Apps,6,10
Project_Architecture,10,6
Project_Closure,7,0
Project_Commissioning,14,15
Project_Coordination,2,3
Project_Documentation,7,11
Project_Estimation,7,9
Project_Governance,13,16
Project_Implementation,4,12
Project_Management,7,13
Project_Management_Office_(PMO),14,15
Project_Planning,9,8
Project_Proposals,15,13
Project_Resources,4,12
Project_Scoping,6,10
Project_Stakeholders,6,2
Promotions_and_Campaigns,7,9
Proofreading,8,2
Property_Management,3,3
Proposal_Development,14,17
Proprietary_Software,16,12
Prototyping,12,5
Protractor,1,10
Psychology,15,10
Public_Cloud,11,1
Public_Key_Infrastructure,2,16
Public_Relations,4,12
Public_Transport,17,5
Puppet,8,1
Purchase_Requisition,14,15
Purchasing,14,15
Pyspark,16,11
Python,11,1
Quality_Assurance_and_Control,14,15
Quality_Improvement,14,15
Quality_Management,1,11
Quality_Procedures,17,2
Quality_Strategy,16,6
Qualtrics,17,17
Quasar,16,6
QuerySurge,1,11
Query_Languages,0,2
Query_Optimization,8,3
Query_Performance,1,11
Query_Tuning,1,11
Qunit,2,1
R,17,5
REST_API_Development,10,6
RESTful_API,9,2
RabbitMQ,12,5
Radar,8,1
Rapid_Application_Development,1,11
Rapid_Prototyping,12,5
Raspberry_Pi,3,11
RavenDB,6,10
ReSharper,6,0
React,6,10
React.js,9,2
React_Native,0,2
ReactiveX,15,7
Rebar,16,17
Reconciliation,13,4
Records_Management,3,0
Recruitment,8,10
Red_Hat_Linux,12,0
Redis,12,5
Redmine,17,13
Redux-Saga,6,10
Reference_Architecture,8,4
Refining,14,17
Registration,1,11
Regression_Testing,10,9
Regular_Expressions,5,12
Regulatory_Compliance,4,12
Regulatory_Requirements,1,11
Reinsurance,7,6
Relational_Database_Design,6,17
Relational_Database_Management_Systems,1,11
Relational_Databases,7,12
Release_Management,4,12
Release_Notes,9,9
Reliability_Engineering,11,4
Religious_Belief,14,15
Remittance,6,17
Remote_Desktop_Protocol_(RDP),13,17
Remote_Desktop_Services,11,16
Remote_Technical_Support,4,12
Remuneration,17,5
Rendering,0,2
Reporting_Tools,1,11
Repository_Pattern,6,2
Requirements_Analysis,2,1
Requirements_Elicitation,4,12
Requirements_Management,12,2
Requirements_Specifications,4,0
Requirements_Traceability,17,9
Requisition,4,12
Research_And_Development,12,5
Research_Papers,14,15
Resource_Allocation,1,11
Resource_Management,2,1
Responsive_Web_Design,15,10
Resque,9,10
Restaurant_Operation,9,10
Retail_Banking,4,0
Retail_Experience,7,6
Return_On_Investment,15,10
Revenue_Growth,17,5
Revenue_Management,11,4
Reverse_Engineering,9,2
Revisions,3,0
Rhel7,1,11
Risk_Analysis,4,0
Risk_Control,11,4
Risk_Management,11,8
Risk_Mitigation,2,1
Risk_management_software,13,4
Roads_and_Drainage,5,17
Robolectric,3,2
Robot_Framework,2,1
Robotic_Process_Automation,8,13
Robotics,12,5
RocksDB,4,4
Rollup,4,4
Roofing,12,8
Root_Cause_Analysis,8,9
Route,5,13
Routing_Protocols,13,16
Rspec,0,10
Ruby,3,1
Ruby_On_Rails,0,10
Ruby_on_Rails,0,10
Runbook,5,13
Rundeck,1,10
Rural_Development,14,17
RxJS,9,2
RxJava,0,2
SAND,4,12
SAP,5,13
SAP_ABAP,5,13
SAP_Applications,5,13
SAP_Basis,5,13
SAP_Business_One,8,17
SAP_Crystal_Reports,5,17
SAP_HANA,5,13
SAP_NetWeaver,17,13
SAS,1,11
SASS,15,10
SMS,15,7
SQLAlchemy,16,4
SQL_Azure,10,8
SQL_Injection,2,16
SQL_Server_Agent,3,11
SQL_Server_Analysis_Services,3,11
SQL_Server_Management_Studio,3,9
SQL_Server_Reporting_Services,3,11
SQLite,0,2
SSL,1,10
Sabre,16,11
Safety_Standards,11,4
Sales,14,17
Sales_Presentation,14,17
Sales_Process,10,8
Sales_Support,6,17
Sales_Training,14,15
Salesforce,15,7
Salesforce_Development,15,7
Salesforce_Object_Query_Language_(SOQL),16,1
Salt_Stack,11,1
Sanity_Testing,14,17
Scala,1,11
Scalability,11,1
Scenario_Analysis,11,4
Scheduling,4,12
Schematic_Diagrams,5,13
Scheme,4,4
SciPy,11,4
Science_and_Research,5,17
Scope_Management,13,16
Scripting,3,16
Scripting_Languages,8,16
Sdwebimage,9,2
Search_Engine_Marketing,14,15
Search_Engine_Optimization,15,10
Search_Engines,6,8
Secure_Coding,16,7
Secure_Programming,14,15
Security_Administration,2,16
Security_Analysis,2,16
Security_Assertion_Markup_Language_(SAML),10,17
Security_Awareness,13,4
Security_Controls,2,16
Security_Domain,8,16
Security_Implementation,7,0
Security_Operations,2,16
Security_Software,10,17
Security_Systems,2,16
Security_Testing,2,9
Selenium,2,9
Selenium_Webdriver,2,9
Semantic_HTML,11,4
Semantic_UI,10,6
Semantics,5,17
Semi-Structured_Data,1,11
SendGrid,10,6
Sendgrid,10,6
Sensu,8,1
Serialization,0,2
Servant_Leadership,17,9
Server-Side,1,10
Server_Administration,2,1
Server_Configuration,13,15
Server_Pages,16,4
Server_Virtualization,13,1
Serverless_Computing,10,8
Servers,7,12
Service-Oriented_Architecture,11,4
ServiceNow,4,12
Service_Catalog,4,12
Service_Design,15,7
Service_Development,4,12
Service_Discovery,4,4
Service_Improvement,2,1
Service_Layer,0,2
Service_Level,2,16
Service_Level_Management,13,12
Service_Management,4,12
Service_Quality,7,0
Service_Request_Management,13,12
SharePoint_Administration,3,11
SharePoint_Development,6,8
SharePoint_Portal_Server,17,0
Sharpening,0,10
Shell_Commands,2,1
Shell_Script,2,3
Shell_script,2,3
Shipping_software,9,2
Shopify,10,9
Sidekiq,0,10
Siemens_PLC,13,12
SignalR,16,9
Signal_Processing,12,5
Simple_Object_Access_Protocol_(SOAP),8,4
Simulation_and_Simulation_Software,17,0
Simulation_software,17,0
Simulations,14,15
Single_Page_Application,1,10
Single_Sign-On_(SSO),6,10
Sisense,2,16
Site_Reliability_Engineering,11,4
Sitefinity,6,8
Slack,9,2
Slowly_Changing_Dimensions,1,11
Smalltalk,17,11
Smart_Contracts,13,4
Smoke_Testing,2,9
SoapUI,2,9
Social_Media,9,2
Social_Media_APIs,9,2
Social_Media_Management,4,12
Social_Media_Trends,9,2
Social_Security,17,5
Social_Skills,12,8
Socket.io,9,2
Socket_Programming,3,2
Software_AG,6,10
Software_Analysis,14,17
Software_Architecture,12,5
Software_Asset_Management,5,12
Software_Coding,10,17
Software_Configuration_Management,8,1
Software_Defined_Networking_(SDN),10,9
Software_Deployment,12,2
Software_Design,3,6
Software_Design_Patterns,10,9
Software_Development,8,17
Software_Development_Engineer_in_Test,2,9
Software_Development_Life_Cycle,16,11
Software_Development_Methodologies,7,6
Software_Development_Tools,9,2
Software_Documentation,3,0
Software_Engineering,17,9
Software_Engineering_Process,9,2
Software_Features,15,17
Software_Maintenance,17,5
Software_Modules,12,8
Software_Quality_Assurance,10,9
Software_Security,16,3
Software_Suite,3,0
Software_Systems,17,5
Software_Testing,10,9
Software_development_tools,9,2
SolarWinds,7,13
Solar_Panels,9,10
Solid_Principles,6,8
Solution_Architecture,7,10
Solution_Delivery,5,13
Solution_Design,17,9
SonarQube,8,9
Sound_Design,5,17
Source_Code_Control_Systems,15,2
Source_Codes,14,17
Source_Data,1,11
Specflow,10,17
Speech_Recognition,10,9
Spinnaker,8,1
Splunk,2,16
Sports_and_Recreation,9,9
Spotify,11,4
Spreadsheet_applications,12,5
Spring,4,4
Spring_Batch,8,4
Spring_Boot,4,4
Spring_Cloud,4,4
Spring_Framework,13,4
Spring_Integration,4,0
Spring_MVC,8,4
Spring_Security,4,12
Sprint_Planning,6,10
Sprint_Retrospectives,6,2
SpriteKit,15,2
Sqoop,1,11
Stackdriver,2,16
Stage,17,2
Stakeholder_Management,5,8
Stakeholder_Requirements,7,6
Standard_Operating_Procedure,5,17
Standard_Template_Library_(STL),10,8
Star_Schema,1,11
Static_Application_Security_Testing_(SAST),3,9
Statistical_Analysis,17,11
Statistical_Modeling,16,11
Statistics,7,12
Stock_Management,1,11
Storage_Area_Network_(SAN),13,16
Storage_Systems,11,16
Stored_Procedure,1,11
Strategic_Planning,14,17
Strategic_Roadmaps,8,17
Streamlines,2,1
Stress_Testing,11,16
Structured_Analysis,15,7
Structured_Analysis_And_Design,15,7
Structured_Programming,8,2
Student_Support_and_Services,7,12
Style_Guides,15,7
Style_Sheets,1,10
Stylus,6,10
Subsidies,12,17
Subsystems,6,6
Succession_Planning,8,2
SugarCRM,0,2
Suitecommerce,5,13
Suitecrm,0,10
Suitescript,5,13
Suitetalk,7,13
Sun_Certified_Java_Developer_(SCJD),8,2
SuperTest,3,9
Supplier_Management,15,10
Supply_Chain_Management,16,14
Supply_Management,16,0
Surpass,11,2
Surrogate_Key,1,11
Surveys,17,9
Swift,0,2
Symfony,0,10
Syncsort,3,9
Syntax,7,10
Syslog,2,16
System_Administration,2,16
System_Configuration,13,1
System_Deployment,8,1
System_Design_and_Implementation,7,13
System_Implementation,5,17
System_Integration_Testing,1,11
System_Integrity,5,17
System_Migration,5,13
System_Monitoring,13,1
System_Programming,1,11
System_Requirements,3,0
System_Software,3,3
System_Support,16,9
System_Testing,3,9
Systems_Analysis,16,0
Systems_Architecture,13,4
Systems_Development,17,0
Systems_Development_Life_Cycle,7,0
Systems_Engineering,14,17
Systems_Integration,5,0
Systems_Thinking,15,7
TCP/IP,3,16
TIBCO_BusinessEvents,4,4
TIBCO_EMS,4,4
TIBCO_Spotfire,3,11
Tableau,7,11
Tagline,7,17
Talend,1,11
Talent_Acquisition,15,2
Target_Audience,10,9
Target_Market,6,17
Task_Management,3,11
Tax,12,5
Tax_Returns,12,5
Taxonomy,3,11
Teaching,15,6
Team_Foundation_Server,5,8
Team_Processes,13,14
Teamcity,8,1
Technical_Analysis,11,4
Technical_Assistance,2,3
Technical_Communication,10,9
Technical_Consulting,14,17
Technical_Debt,0,10
Technical_Documentation,13,16
Technical_Engineering,14,17
Technical_Management,12,17
Technical_Report,17,5
Technical_Services,2,3
Technical_Support_and_Services,17,9
Technical_Training,5,8
Technical_Writing,4,12
Technology_Solutions,4,12
Technology_Strategies,16,11
Telecommunications,4,12
Telehealth,11,1
Telephony,15,7
Telerik,6,6
Templates,3,11
Templating,15,13
TensorFlow,11,17
Terraform,2,1
Test-Driven_Development_(TDD),8,9
TestNG,8,9
Test_Automation,10,9
Test_Case,13,9
Test_Data,3,9
Test_Design,2,9
Test_Engineering,8,17
Test_First,6,2
Test_Harness,12,5
Test_Management,2,9
Test_Planning,10,9
Test_Script,2,9
Test_Strategy,2,9
Test_Suite,13,17
Test_Tools,9,9
Testability,10,9
Testing_software,6,2
Text_Files,1,11
Thought_Leadership,11,17
Threat_Detection,16,3
Threat_Management,2,3
Throttling,4,4
Throughput,11,17
Tier_3_Technical_Support,5,17
Time_Series,13,4
Time_Tracking_Software,6,0
Time_tracking_software,6,0
Tivoli,6,10
Tooling,13,1
Toolkits,6,10
Topology,13,12
Touchscreen,6,2
Tourism,3,3
Traceability,17,9
Traceability_Matrix,17,9
Track_And_Trace,8,4
Trade_Finance,8,4
Trademarks,14,17
Training_Programs,14,15
Trajectory,10,10
Transact-SQL,13,4
Transcoding,14,15
Transmission,1,11
Transmission_Control_Protocol_(TCP),3,16
Transport_Layer_Security_(TLS),7,10
"Transportation,_Supply_Chain,_and_Logistics",17,13
Transportation_Security_Administration_(TSA),6,10
Travel_and_Tourism,12,5
Travis,11,1
Trello,9,8
Triage,13,16
Triangulation,0,2
Troubleshooting_software,5,17
Turnaround_Time,16,2
Twilio,16,11
Twitter,0,2
TypeScript,8,4
Typography,14,15
UI/UX,0,2
UNIX,7,11
UNIX_Shell,7,11
Ubuntu,11,3
Ui_Patterns,12,2
Uikit,0,2
Umbraco,6,8
Underwriting,16,17
Unified_Communications,15,7
Unified_Field_Theories_(UFT),10,9
Unified_Modeling_Language,10,9
Unit_Testing,3,6
Unix,7,11
Unix_Commands,1,10
Unix_Shell,7,11
Unreal_Engine,12,5
Unstructured_Data,10,9
Upskilling,12,2
Uptime,11,16
Usability,15,2
Usability_Design,9,2
Usability_Testing,10,10
User-Centered_Design,10,2
User_Acceptance_Testing_(UAT),7,9
User_Assistance,16,17
User_Defined_Functions,3,11
User_Experience,15,2
User_Feedback,16,4
User_Flows,14,15
User_Guide,12,8
User_Interface,17,8
User_Interface_Design,10,8
User_Profile,3,0
User_Provisioning,16,7
User_Research,15,7
User_Story,17,9
VMware,13,16
VMware_VSphere,13,16
Vagrant,0,10
Value_Chain,15,13
Value_Propositions,7,12
Variable_Frequency_Drives,13,12
Vector_Graphics,14,15
Vendor_Management,10,8
Venture_Capital,16,4
Verification_And_Validation,10,2
Version_Control,10,9
Version_Control_Software,9,10
Version_control_software,9,10
Video_Conferencing,10,10
Video_Editing,14,15
Video_Processing,8,2
Video_Streaming,0,2
ViewModel,0,2
Vigilant,5,17
VirtualBox,0,10
Virtual_Dom,16,0
Virtual_Local_Area_Network_(VLAN),13,16
Virtual_Machines,6,17
Virtual_Private_Cloud,11,14
Virtual_Private_Networks_(VPN),13,16
Virtual_Reality,9,8
Virtual_Training,14,15
Virtualization,7,1
Visual_Basic_For_Applications,7,17
Visual_FoxPro,17,17
Visual_Studio_Online,9,2
Visualization,15,7
Voice_Over_IP,13,16
Vscode,9,2
Vtiger_CRM,5,0
Vue.js,15,10
Vuetify,15,13
Vuex,15,13
Vulnerability,13,4
WCF/Web_API,6,8
WYSIWYG,14,15
Warehousing,1,11
"Water_Supply,_Testing,_and_Treatment",7,9
Waterfall_Methodology,17,5
Wealth_Management,8,9
Wearables,8,2
WebGL,10,10
WebKit,0,2
WebMethods,5,13
WebRTC,6,10
WebSocket,9,2
WebStorm,6,10
Web_2.0,4,12
Web_Application_Development,7,12
Web_Application_Frameworks,15,7
Web_Application_Security,6,10
Web_Applications,16,1
Web_Content,2,16
Web_Content_Management,16,15
Web_Design_Concepts,6,2
Web_Design_and_Development,1,10
Web_Development,16,8
Web_Development_Tools,15,13
Web_Engineering,17,5
Web_Frameworks,17,17
Web_Pages,15,10
Web_Parts,3,0
Web_Platforms,11,4
Web_Portals,12,7
Web_Project,7,1
Web_Publishing,7,3
Web_Scraping,11,17
Web_Servers,13,1
Web_Services,6,10
Web_Standards,0,10
Web_Tools,8,4
Web_Trends,10,6
Web_UI,4,12
Web_UI_Design,9,10
WebdriverIO,10,17
Webforms,6,8
Webhooks,9,10
Webpack,8,10
Website_Architecture,8,4
WhatsApp,7,17
White-Box_Testing,2,16
Wholesale_Banking,8,4
WiDi,16,4
Wide_Area_Networks,4,12
WinAutomation,17,17
Windows_Desktop,6,8
Windows_Forms,12,8
Windows_Phone,12,2
Windows_Servers,2,16
Windows_Service,4,12
Wireless_Networks,4,0
WooCommerce,9,8
WordPress,0,10
Work_Breakdown_Structure,7,6
Workbench,17,13
Workflow_Automation,17,17
Workflow_Management,16,16
Workflow_software,1,11
Workforce_Management,7,12
Writing,7,9
XAMPP,7,3
XHarbour,7,11
XML,15,2
XML-RPC,9,2
XPath,3,9
XQuery,15,7
Xamarin,6,0
Xamarin.android,6,8
Xamarin.forms,6,8
Xamarin.ios,6,8
Xcode,0,2
Xctest,9,2
Xdebug,10,10
Xunit,16,6
Xunit.net,10,9
YAML,11,1
Yoast,7,17
Yoga,14,15
YouTube,12,2
Zabbix,2,16
Zapier,7,11
Zend_Framework,10,3
Zendesk,5,13
Zipkin,2,16
Zuora,9,8
Zurb_Foundation,0,2
amCharts,6,17
cURL,10,8
eSports,8,4
gRPC,10,9
jQuery,6,8
vtiger_CRM,5,0
xQuery,15,7
